Here is the matrix m:
  0.8731 0.879048 0.882353 0.869134  0.36175 0.974738 0.975019  0.97755 0.972221 0.665516
0.875744 0.856576 0.878387 0.849967 0.645189 0.975103 0.978447 0.978732  0.97027 0.720945
0.856576 0.864508 0.872439 0.853933 0.401811 0.977519  0.98398 0.984196 0.976333 0.651818
0.861864 0.890284 0.891606 0.853933 0.718315 0.983303 0.983119 0.983921 0.975213 0.695233
0.886319 0.885658 0.898215 0.877065  0.43156 0.980927 0.985451  0.98705 0.977556 0.672412
0.888962 0.895572 0.904164 0.886319 0.404694 0.985043 0.985261  0.98823 0.981674 0.658686
0.892928 0.938533 0.947125 0.892267 0.933251 0.984516 0.971977 0.986515 0.969386 0.794701
 0.93655 0.938533  0.95043 0.926636  0.73065 0.969926 0.978807 0.980143   0.9699 0.682913
0.947125 0.940516 0.978189 0.938533 0.793939 0.977061 0.971677 0.977109  0.96153 0.756042
0.951751 0.972902 0.972902  0.94382 0.642023 0.970274 0.973048 0.977793 0.969567 0.551002
0.978189 0.978189        1 0.970258 0.768489 0.972579 0.971015 0.979334 0.969322 0.649508
 0.96497 0.954395 0.987442 0.953734 0.619857 0.970465 0.989652 0.989652 0.969075 0.641171
0.949108 0.968275 0.984798 0.947125 0.713985 0.989779 0.993277 0.994111  0.98799 0.616788
0.968936 0.967614 0.996695 0.958361  0.77451 0.992672 0.997775 0.998324 0.984768 0.746196
0.955056 0.938533 0.956378 0.925314 0.708364 0.996125 0.993046        1 0.992712 0.756914
0.937211 0.928619 0.947786 0.926636 0.607639 0.990651 0.993498 0.997565  0.98964 0.621826
0.928619  0.90813 0.941837 0.898876 0.624843 0.992626 0.975868 0.993398 0.973373 0.707001
0.905486 0.902181 0.914739 0.895572 0.327206 0.973053 0.969512 0.977353 0.967924  0.55937
0.898876 0.928619 0.928619  0.89425 0.522378 0.963605 0.959274 0.966538 0.955805 0.689753
0.922009 0.927297 0.945142 0.914739 0.599457 0.958048 0.933887 0.960278 0.931481 0.796064
0.919365 0.928619 0.931923 0.900859 0.351647 0.927852 0.939115 0.939803 0.916627 0.653747
0.912095 0.961666 0.962987 0.907469  0.69701 0.925011 0.931473 0.934652 0.923358 0.526553
0.940516 0.925314 0.947125 0.920687 0.771994 0.911469 0.892048 0.918485 0.892048 0.697126
0.939855 0.853933 0.945142 0.843358        1 0.908011 0.880819 0.911125 0.874517 0.656362
0.847984 0.828817 0.853933 0.828156 0.638971 0.878448 0.891617 0.894936 0.878433 0.546823
0.798414 0.772637 0.798414 0.752148 0.844348 0.867881 0.859695 0.874442 0.848314  0.68542
0.778586  0.77462 0.782551 0.764045  0.36727 0.864735 0.884679 0.887585 0.864735 0.513419
0.784534 0.789161 0.807006 0.782551 0.388012 0.891195 0.890744 0.901435  0.88969 0.503403
0.790482 0.793126 0.795109 0.777264 0.258297 0.892354 0.896716 0.896817 0.887023 0.354383
 0.80965 0.823529 0.828156  0.80965 0.379113 0.906679 0.916231 0.916993 0.904888 0.482168
0.831461 0.833443  0.84534 0.822868 0.302973 0.916994 0.916562  0.91977 0.909342 0.497608
0.844019 0.834765 0.849306 0.822868 0.312566 0.922452 0.936571  0.93869 0.917197 0.708833
0.835426 0.811633 0.839392 0.805684 0.384333 0.936806 0.929004 0.938273 0.927665 0.693781
0.799736 0.796431 0.805684   0.7885 0.362895  0.92026 0.930826 0.934865  0.91601 0.660873
0.787839  0.79577  0.80304 0.786517 0.265102 0.924456  0.94066  0.94066 0.922591 0.673023
0.787839 0.789822  0.79577 0.783212 0.198201 0.933331 0.933192 0.941026 0.931796 0.653819
  0.7885 0.783873 0.798414 0.779907 0.225417  0.93548 0.934862 0.938073 0.929514 0.564951
0.789822 0.799736 0.800397 0.777925 0.343772  0.93775 0.946232 0.946232 0.934705 0.731289
 0.80304 0.796431 0.815598  0.79577 0.426686 0.945028 0.937382 0.948254 0.936745 0.634349
0.796431 0.800397  0.80304 0.789822 0.206161 0.937155 0.947189 0.947189  0.93628 0.584971
 0.80304 0.799075 0.806345 0.791804 0.282115 0.949019 0.962303  0.96306 0.948174 0.830541
 0.80304 0.795109 0.804362 0.789822 0.379202 0.968441 0.973594 0.973809 0.967937 0.926917
 0.79577 0.794448 0.807667 0.793126 0.323478 0.972285   0.9663  0.97437 0.965867 0.806792
0.791804 0.787839 0.793126  0.78189 0.189972 0.962634 0.957551 0.966376 0.957444 0.694259
0.779247 0.773959 0.783212 0.770654 0.345425  0.95419 0.959616 0.962391 0.949986 0.664182
 0.77462 0.769332 0.783212 0.769332 0.287826 0.959855 0.949943 0.962084 0.949943 0.600533
0.770654  0.78189 0.782551  0.76735 0.241664 0.949505 0.951436 0.955928 0.945091 0.587153
0.775942 0.781229 0.785195  0.77462 0.231983 0.944064 0.952236   0.9526 0.941422 0.628017
0.789822 0.786517 0.801058 0.783212 0.431928 0.954223 0.943877  0.96021 0.943277 0.716938
0.786517 0.770654 0.791143 0.768011 0.294191 0.944588 0.934997 0.948607  0.93338 0.622416
0.743556 0.749504 0.750165 0.721745  0.54568 0.903528 0.897411 0.916746 0.881638        1
0.736946 0.722406 0.740251 0.717779 0.413543   0.8857 0.908103 0.908103 0.878262 0.693307
0.733642 0.723067 0.738268 0.717779 0.329954 0.918313 0.926269 0.928303 0.917655 0.789209
0.717118 0.719762 0.736286 0.713153 0.328487 0.914062 0.913803 0.925647 0.912287 0.725184
0.721745 0.730337 0.738268  0.69729 0.397703 0.917746 0.924568 0.926534 0.908095 0.681891
0.729676 0.720423 0.730337 0.719101 0.224817 0.926355 0.934259 0.935496  0.92548 0.740417
 0.71844 0.707865 0.726371 0.707204 0.331563 0.935875 0.932908 0.941269 0.931426 0.845369
0.700595 0.697951 0.705221 0.694646 0.266235 0.921345 0.924427 0.926975 0.916952 0.737233
0.705882  0.71844 0.727693 0.700595 0.478967  0.92654 0.918434  0.93092 0.917951 0.683977
0.713814 0.728354 0.733642 0.709187 0.321245 0.915899 0.915753 0.921919 0.908686 0.657883
0.728354 0.754792 0.757436  0.72505 0.415741 0.917327 0.925401 0.925401 0.913592 0.707268
0.752809  0.78189 0.787839 0.752148 0.626464 0.928056 0.929076 0.933208 0.927225  0.67633
0.779907 0.761401  0.78189 0.754792 0.350636 0.928129 0.922078 0.930562 0.921551 0.607929
0.769332 0.764706 0.779247 0.756775 0.388633 0.927477 0.918645 0.930563 0.917238 0.573052
0.758097 0.733642 0.758097 0.729015 0.426537 0.916382 0.913038 0.920138 0.906067 0.666257
0.734964 0.740912 0.756775 0.734303 0.389122 0.914335 0.893557 0.917109 0.893118 0.716279
0.756775 0.760079  0.76735 0.745539 0.441115 0.900637 0.901808 0.903836 0.881068 0.764253
0.761401 0.758097 0.772637 0.754792 0.253797 0.902772 0.911023 0.915179 0.901315 0.722306
 0.76074 0.750165 0.765367 0.740251 0.286543 0.908757 0.894739 0.912813 0.893345 0.696872
0.746861 0.764706  0.76735 0.744217 0.319898 0.895415  0.88801 0.900094 0.879196 0.635877
0.768672 0.783873 0.789161 0.765367 0.436707  0.88757 0.907453 0.907453  0.88757 0.676209
0.777264 0.771976 0.780568 0.768672 0.218275 0.902908 0.906618 0.909375 0.901612 0.649221
0.770654 0.754792 0.772637 0.747522   0.2613 0.902142   0.8847 0.903257 0.884549 0.659787
0.759418 0.717118  0.76074 0.702578  0.80993 0.889935 0.887481 0.892492 0.880217  0.58346
 0.72505 0.719101 0.729015 0.713814 0.355835 0.890207  0.88906 0.896834 0.883961 0.568555
0.717779 0.710509 0.719101 0.698612 0.382984 0.887884 0.899012 0.899077  0.87921 0.629374
0.709187 0.705882 0.715796  0.70456 0.212364 0.896453 0.896224 0.901715  0.89499   0.5332
0.707204 0.714475 0.715796 0.703239 0.291211 0.898824 0.913444 0.913444 0.898313 0.616747
0.715796 0.727693 0.736946 0.713814 0.410467 0.913925 0.920431  0.92165 0.913794 0.647177
 0.72571  0.72505 0.729015 0.719101   0.1876 0.919177 0.918821 0.920204 0.914596  0.60018
0.729015 0.727693 0.732981 0.721084 0.165207 0.920339  0.92232 0.923426 0.915624 0.640641
0.729676 0.727693 0.735625 0.724389 0.230853 0.923963 0.914113 0.924302 0.914107 0.637972
0.732981 0.738929 0.742234 0.729015 0.310635 0.915386 0.917307 0.921806 0.914714 0.600434
0.738929 0.734964  0.73959 0.728354 0.200035 0.919144 0.923886 0.923886 0.913963 0.559226
0.731659 0.720423 0.731659 0.719762 0.213515 0.920929 0.919874 0.926331 0.918999 0.586099
0.721084 0.715135 0.723067 0.712492 0.175297 0.919939 0.914216 0.920939 0.912533 0.533555
0.714475 0.724389  0.72505  0.71117 0.172873  0.91322 0.917399 0.917999 0.907533 0.547312
0.731659 0.723728 0.734303 0.722406 0.228212 0.923301 0.925378 0.927476 0.922478 0.676335
0.723728 0.717779  0.72571 0.713153 0.176307 0.924463 0.925417 0.925417 0.918859  0.63575
0.715135   0.7039 0.715135 0.701917 0.296204 0.923785  0.91384 0.923785  0.91384 0.660369
 0.70456 0.701256 0.705882 0.699273 0.205681 0.913959 0.908082 0.916103 0.907069 0.561056
0.701256 0.699934 0.705221  0.69729 0.177342 0.906921 0.898118 0.909171 0.897063 0.611732
0.699273 0.699934  0.70456 0.694646 0.170188 0.897381 0.899607 0.905713 0.892488 0.600766
0.699273 0.686054 0.702578 0.684071 0.265861 0.898012 0.889595 0.904042 0.889498 0.596418
0.680106 0.666226 0.680106 0.664243 0.336085 0.877096 0.868683 0.881264 0.867969 0.699709
0.668209 0.672835 0.673496  0.66226 0.295112 0.874973  0.88501  0.88501 0.869532 0.618554
0.670853 0.673496 0.680106 0.665565   0.1785 0.880835 0.874147 0.883722 0.870162 0.576174
 0.67614 0.678784 0.681428 0.670853 0.177253 0.876097 0.877153 0.880013 0.872371 0.516167
0.680106 0.678123 0.680767 0.668209 0.196233 0.878211 0.892736 0.892736 0.878158 0.541015
0.677462 0.670192 0.678123 0.667548 0.213032 0.891846 0.890976 0.894311 0.888619  0.51505
Here is the matrix m:
  0.8731 0.879048 0.882353 0.869134  0.36175 0.974738 0.975019  0.97755 0.972221 0.665516
0.875744 0.856576 0.878387 0.849967 0.645189 0.975103 0.978447 0.978732  0.97027 0.720945
0.856576 0.864508 0.872439 0.853933 0.401811 0.977519  0.98398 0.984196 0.976333 0.651818
0.861864 0.890284 0.891606 0.853933 0.718315 0.983303 0.983119 0.983921 0.975213 0.695233
0.886319 0.885658 0.898215 0.877065  0.43156 0.980927 0.985451  0.98705 0.977556 0.672412
0.888962 0.895572 0.904164 0.886319 0.404694 0.985043 0.985261  0.98823 0.981674 0.658686
0.892928 0.938533 0.947125 0.892267 0.933251 0.984516 0.971977 0.986515 0.969386 0.794701
 0.93655 0.938533  0.95043 0.926636  0.73065 0.969926 0.978807 0.980143   0.9699 0.682913
0.947125 0.940516 0.978189 0.938533 0.793939 0.977061 0.971677 0.977109  0.96153 0.756042
0.951751 0.972902 0.972902  0.94382 0.642023 0.970274 0.973048 0.977793 0.969567 0.551002
0.978189 0.978189        1 0.970258 0.768489 0.972579 0.971015 0.979334 0.969322 0.649508
 0.96497 0.954395 0.987442 0.953734 0.619857 0.970465 0.989652 0.989652 0.969075 0.641171
0.949108 0.968275 0.984798 0.947125 0.713985 0.989779 0.993277 0.994111  0.98799 0.616788
0.968936 0.967614 0.996695 0.958361  0.77451 0.992672 0.997775 0.998324 0.984768 0.746196
0.955056 0.938533 0.956378 0.925314 0.708364 0.996125 0.993046        1 0.992712 0.756914
0.937211 0.928619 0.947786 0.926636 0.607639 0.990651 0.993498 0.997565  0.98964 0.621826
0.928619  0.90813 0.941837 0.898876 0.624843 0.992626 0.975868 0.993398 0.973373 0.707001
0.905486 0.902181 0.914739 0.895572 0.327206 0.973053 0.969512 0.977353 0.967924  0.55937
0.898876 0.928619 0.928619  0.89425 0.522378 0.963605 0.959274 0.966538 0.955805 0.689753
0.922009 0.927297 0.945142 0.914739 0.599457 0.958048 0.933887 0.960278 0.931481 0.796064
0.919365 0.928619 0.931923 0.900859 0.351647 0.927852 0.939115 0.939803 0.916627 0.653747
0.912095 0.961666 0.962987 0.907469  0.69701 0.925011 0.931473 0.934652 0.923358 0.526553
0.940516 0.925314 0.947125 0.920687 0.771994 0.911469 0.892048 0.918485 0.892048 0.697126
0.939855 0.853933 0.945142 0.843358        1 0.908011 0.880819 0.911125 0.874517 0.656362
0.847984 0.828817 0.853933 0.828156 0.638971 0.878448 0.891617 0.894936 0.878433 0.546823
0.798414 0.772637 0.798414 0.752148 0.844348 0.867881 0.859695 0.874442 0.848314  0.68542
0.778586  0.77462 0.782551 0.764045  0.36727 0.864735 0.884679 0.887585 0.864735 0.513419
0.784534 0.789161 0.807006 0.782551 0.388012 0.891195 0.890744 0.901435  0.88969 0.503403
0.790482 0.793126 0.795109 0.777264 0.258297 0.892354 0.896716 0.896817 0.887023 0.354383
 0.80965 0.823529 0.828156  0.80965 0.379113 0.906679 0.916231 0.916993 0.904888 0.482168
0.831461 0.833443  0.84534 0.822868 0.302973 0.916994 0.916562  0.91977 0.909342 0.497608
0.844019 0.834765 0.849306 0.822868 0.312566 0.922452 0.936571  0.93869 0.917197 0.708833
0.835426 0.811633 0.839392 0.805684 0.384333 0.936806 0.929004 0.938273 0.927665 0.693781
0.799736 0.796431 0.805684   0.7885 0.362895  0.92026 0.930826 0.934865  0.91601 0.660873
0.787839  0.79577  0.80304 0.786517 0.265102 0.924456  0.94066  0.94066 0.922591 0.673023
0.787839 0.789822  0.79577 0.783212 0.198201 0.933331 0.933192 0.941026 0.931796 0.653819
  0.7885 0.783873 0.798414 0.779907 0.225417  0.93548 0.934862 0.938073 0.929514 0.564951
0.789822 0.799736 0.800397 0.777925 0.343772  0.93775 0.946232 0.946232 0.934705 0.731289
 0.80304 0.796431 0.815598  0.79577 0.426686 0.945028 0.937382 0.948254 0.936745 0.634349
0.796431 0.800397  0.80304 0.789822 0.206161 0.937155 0.947189 0.947189  0.93628 0.584971
 0.80304 0.799075 0.806345 0.791804 0.282115 0.949019 0.962303  0.96306 0.948174 0.830541
 0.80304 0.795109 0.804362 0.789822 0.379202 0.968441 0.973594 0.973809 0.967937 0.926917
 0.79577 0.794448 0.807667 0.793126 0.323478 0.972285   0.9663  0.97437 0.965867 0.806792
0.791804 0.787839 0.793126  0.78189 0.189972 0.962634 0.957551 0.966376 0.957444 0.694259
0.779247 0.773959 0.783212 0.770654 0.345425  0.95419 0.959616 0.962391 0.949986 0.664182
 0.77462 0.769332 0.783212 0.769332 0.287826 0.959855 0.949943 0.962084 0.949943 0.600533
0.770654  0.78189 0.782551  0.76735 0.241664 0.949505 0.951436 0.955928 0.945091 0.587153
0.775942 0.781229 0.785195  0.77462 0.231983 0.944064 0.952236   0.9526 0.941422 0.628017
0.789822 0.786517 0.801058 0.783212 0.431928 0.954223 0.943877  0.96021 0.943277 0.716938
0.786517 0.770654 0.791143 0.768011 0.294191 0.944588 0.934997 0.948607  0.93338 0.622416
0.743556 0.749504 0.750165 0.721745  0.54568 0.903528 0.897411 0.916746 0.881638        1
0.736946 0.722406 0.740251 0.717779 0.413543   0.8857 0.908103 0.908103 0.878262 0.693307
0.733642 0.723067 0.738268 0.717779 0.329954 0.918313 0.926269 0.928303 0.917655 0.789209
0.717118 0.719762 0.736286 0.713153 0.328487 0.914062 0.913803 0.925647 0.912287 0.725184
0.721745 0.730337 0.738268  0.69729 0.397703 0.917746 0.924568 0.926534 0.908095 0.681891
0.729676 0.720423 0.730337 0.719101 0.224817 0.926355 0.934259 0.935496  0.92548 0.740417
 0.71844 0.707865 0.726371 0.707204 0.331563 0.935875 0.932908 0.941269 0.931426 0.845369
0.700595 0.697951 0.705221 0.694646 0.266235 0.921345 0.924427 0.926975 0.916952 0.737233
0.705882  0.71844 0.727693 0.700595 0.478967  0.92654 0.918434  0.93092 0.917951 0.683977
0.713814 0.728354 0.733642 0.709187 0.321245 0.915899 0.915753 0.921919 0.908686 0.657883
0.728354 0.754792 0.757436  0.72505 0.415741 0.917327 0.925401 0.925401 0.913592 0.707268
0.752809  0.78189 0.787839 0.752148 0.626464 0.928056 0.929076 0.933208 0.927225  0.67633
0.779907 0.761401  0.78189 0.754792 0.350636 0.928129 0.922078 0.930562 0.921551 0.607929
0.769332 0.764706 0.779247 0.756775 0.388633 0.927477 0.918645 0.930563 0.917238 0.573052
0.758097 0.733642 0.758097 0.729015 0.426537 0.916382 0.913038 0.920138 0.906067 0.666257
0.734964 0.740912 0.756775 0.734303 0.389122 0.914335 0.893557 0.917109 0.893118 0.716279
0.756775 0.760079  0.76735 0.745539 0.441115 0.900637 0.901808 0.903836 0.881068 0.764253
0.761401 0.758097 0.772637 0.754792 0.253797 0.902772 0.911023 0.915179 0.901315 0.722306
 0.76074 0.750165 0.765367 0.740251 0.286543 0.908757 0.894739 0.912813 0.893345 0.696872
0.746861 0.764706  0.76735 0.744217 0.319898 0.895415  0.88801 0.900094 0.879196 0.635877
0.768672 0.783873 0.789161 0.765367 0.436707  0.88757 0.907453 0.907453  0.88757 0.676209
0.777264 0.771976 0.780568 0.768672 0.218275 0.902908 0.906618 0.909375 0.901612 0.649221
0.770654 0.754792 0.772637 0.747522   0.2613 0.902142   0.8847 0.903257 0.884549 0.659787
0.759418 0.717118  0.76074 0.702578  0.80993 0.889935 0.887481 0.892492 0.880217  0.58346
 0.72505 0.719101 0.729015 0.713814 0.355835 0.890207  0.88906 0.896834 0.883961 0.568555
0.717779 0.710509 0.719101 0.698612 0.382984 0.887884 0.899012 0.899077  0.87921 0.629374
0.709187 0.705882 0.715796  0.70456 0.212364 0.896453 0.896224 0.901715  0.89499   0.5332
0.707204 0.714475 0.715796 0.703239 0.291211 0.898824 0.913444 0.913444 0.898313 0.616747
0.715796 0.727693 0.736946 0.713814 0.410467 0.913925 0.920431  0.92165 0.913794 0.647177
 0.72571  0.72505 0.729015 0.719101   0.1876 0.919177 0.918821 0.920204 0.914596  0.60018
0.729015 0.727693 0.732981 0.721084 0.165207 0.920339  0.92232 0.923426 0.915624 0.640641
0.729676 0.727693 0.735625 0.724389 0.230853 0.923963 0.914113 0.924302 0.914107 0.637972
0.732981 0.738929 0.742234 0.729015 0.310635 0.915386 0.917307 0.921806 0.914714 0.600434
0.738929 0.734964  0.73959 0.728354 0.200035 0.919144 0.923886 0.923886 0.913963 0.559226
0.731659 0.720423 0.731659 0.719762 0.213515 0.920929 0.919874 0.926331 0.918999 0.586099
0.721084 0.715135 0.723067 0.712492 0.175297 0.919939 0.914216 0.920939 0.912533 0.533555
0.714475 0.724389  0.72505  0.71117 0.172873  0.91322 0.917399 0.917999 0.907533 0.547312
0.731659 0.723728 0.734303 0.722406 0.228212 0.923301 0.925378 0.927476 0.922478 0.676335
0.723728 0.717779  0.72571 0.713153 0.176307 0.924463 0.925417 0.925417 0.918859  0.63575
0.715135   0.7039 0.715135 0.701917 0.296204 0.923785  0.91384 0.923785  0.91384 0.660369
 0.70456 0.701256 0.705882 0.699273 0.205681 0.913959 0.908082 0.916103 0.907069 0.561056
0.701256 0.699934 0.705221  0.69729 0.177342 0.906921 0.898118 0.909171 0.897063 0.611732
0.699273 0.699934  0.70456 0.694646 0.170188 0.897381 0.899607 0.905713 0.892488 0.600766
0.699273 0.686054 0.702578 0.684071 0.265861 0.898012 0.889595 0.904042 0.889498 0.596418
0.680106 0.666226 0.680106 0.664243 0.336085 0.877096 0.868683 0.881264 0.867969 0.699709
0.668209 0.672835 0.673496  0.66226 0.295112 0.874973  0.88501  0.88501 0.869532 0.618554
0.670853 0.673496 0.680106 0.665565   0.1785 0.880835 0.874147 0.883722 0.870162 0.576174
 0.67614 0.678784 0.681428 0.670853 0.177253 0.876097 0.877153 0.880013 0.872371 0.516167
0.680106 0.678123 0.680767 0.668209 0.196233 0.878211 0.892736 0.892736 0.878158 0.541015
0.677462 0.670192 0.678123 0.667548 0.213032 0.891846 0.890976 0.894311 0.888619  0.51505
Here is the covmat:
   0.007034  0.00703105  0.00742093  0.00682585   0.0118138  0.00198284  0.00192417  0.00197997  0.00191462  0.00116667
 0.00703105  0.00729491  0.00753742  0.00698654   0.0115732  0.00207531  0.00205898   0.0020795   0.0020416  0.00111279
 0.00742093  0.00753742   0.0079194   0.0072598    0.012877  0.00211569  0.00205604  0.00211265  0.00204584   0.0012571
 0.00682585  0.00698654   0.0072598  0.00677784   0.0107287   0.0020431  0.00201894  0.00204389  0.00201587  0.00104385
  0.0118138   0.0115732    0.012877   0.0107287   0.0385767  0.00243219  0.00206766  0.00242475  0.00199449  0.00510368
 0.00198284  0.00207531  0.00211569   0.0020431  0.00243219  0.00111389  0.00107341  0.00106345  0.00112815  0.00108159
 0.00192417  0.00205898  0.00205604  0.00201894  0.00206766  0.00107341  0.00112345  0.00105875   0.0011328 0.000956596
 0.00197997   0.0020795  0.00211265  0.00204389  0.00242475  0.00106345  0.00105875  0.00103751  0.00108984  0.00109031
 0.00191462   0.0020416  0.00204584  0.00201587  0.00199449  0.00112815   0.0011328  0.00108984  0.00118288 0.000916057
 0.00116667  0.00111279   0.0012571  0.00104385  0.00510368  0.00108159 0.000956596  0.00109031 0.000916057  0.00881282
Here is the matrix m:
  0.8731 0.879048 0.882353 0.869134  0.36175 0.974738 0.975019  0.97755 0.972221 0.665516
0.875744 0.856576 0.878387 0.849967 0.645189 0.975103 0.978447 0.978732  0.97027 0.720945
0.856576 0.864508 0.872439 0.853933 0.401811 0.977519  0.98398 0.984196 0.976333 0.651818
0.861864 0.890284 0.891606 0.853933 0.718315 0.983303 0.983119 0.983921 0.975213 0.695233
0.886319 0.885658 0.898215 0.877065  0.43156 0.980927 0.985451  0.98705 0.977556 0.672412
0.888962 0.895572 0.904164 0.886319 0.404694 0.985043 0.985261  0.98823 0.981674 0.658686
0.892928 0.938533 0.947125 0.892267 0.933251 0.984516 0.971977 0.986515 0.969386 0.794701
 0.93655 0.938533  0.95043 0.926636  0.73065 0.969926 0.978807 0.980143   0.9699 0.682913
0.947125 0.940516 0.978189 0.938533 0.793939 0.977061 0.971677 0.977109  0.96153 0.756042
0.951751 0.972902 0.972902  0.94382 0.642023 0.970274 0.973048 0.977793 0.969567 0.551002
0.978189 0.978189        1 0.970258 0.768489 0.972579 0.971015 0.979334 0.969322 0.649508
 0.96497 0.954395 0.987442 0.953734 0.619857 0.970465 0.989652 0.989652 0.969075 0.641171
0.949108 0.968275 0.984798 0.947125 0.713985 0.989779 0.993277 0.994111  0.98799 0.616788
0.968936 0.967614 0.996695 0.958361  0.77451 0.992672 0.997775 0.998324 0.984768 0.746196
0.955056 0.938533 0.956378 0.925314 0.708364 0.996125 0.993046        1 0.992712 0.756914
0.937211 0.928619 0.947786 0.926636 0.607639 0.990651 0.993498 0.997565  0.98964 0.621826
0.928619  0.90813 0.941837 0.898876 0.624843 0.992626 0.975868 0.993398 0.973373 0.707001
0.905486 0.902181 0.914739 0.895572 0.327206 0.973053 0.969512 0.977353 0.967924  0.55937
0.898876 0.928619 0.928619  0.89425 0.522378 0.963605 0.959274 0.966538 0.955805 0.689753
0.922009 0.927297 0.945142 0.914739 0.599457 0.958048 0.933887 0.960278 0.931481 0.796064
0.919365 0.928619 0.931923 0.900859 0.351647 0.927852 0.939115 0.939803 0.916627 0.653747
0.912095 0.961666 0.962987 0.907469  0.69701 0.925011 0.931473 0.934652 0.923358 0.526553
0.940516 0.925314 0.947125 0.920687 0.771994 0.911469 0.892048 0.918485 0.892048 0.697126
0.939855 0.853933 0.945142 0.843358        1 0.908011 0.880819 0.911125 0.874517 0.656362
0.847984 0.828817 0.853933 0.828156 0.638971 0.878448 0.891617 0.894936 0.878433 0.546823
0.798414 0.772637 0.798414 0.752148 0.844348 0.867881 0.859695 0.874442 0.848314  0.68542
0.778586  0.77462 0.782551 0.764045  0.36727 0.864735 0.884679 0.887585 0.864735 0.513419
0.784534 0.789161 0.807006 0.782551 0.388012 0.891195 0.890744 0.901435  0.88969 0.503403
0.790482 0.793126 0.795109 0.777264 0.258297 0.892354 0.896716 0.896817 0.887023 0.354383
 0.80965 0.823529 0.828156  0.80965 0.379113 0.906679 0.916231 0.916993 0.904888 0.482168
0.831461 0.833443  0.84534 0.822868 0.302973 0.916994 0.916562  0.91977 0.909342 0.497608
0.844019 0.834765 0.849306 0.822868 0.312566 0.922452 0.936571  0.93869 0.917197 0.708833
0.835426 0.811633 0.839392 0.805684 0.384333 0.936806 0.929004 0.938273 0.927665 0.693781
0.799736 0.796431 0.805684   0.7885 0.362895  0.92026 0.930826 0.934865  0.91601 0.660873
0.787839  0.79577  0.80304 0.786517 0.265102 0.924456  0.94066  0.94066 0.922591 0.673023
0.787839 0.789822  0.79577 0.783212 0.198201 0.933331 0.933192 0.941026 0.931796 0.653819
  0.7885 0.783873 0.798414 0.779907 0.225417  0.93548 0.934862 0.938073 0.929514 0.564951
0.789822 0.799736 0.800397 0.777925 0.343772  0.93775 0.946232 0.946232 0.934705 0.731289
 0.80304 0.796431 0.815598  0.79577 0.426686 0.945028 0.937382 0.948254 0.936745 0.634349
0.796431 0.800397  0.80304 0.789822 0.206161 0.937155 0.947189 0.947189  0.93628 0.584971
 0.80304 0.799075 0.806345 0.791804 0.282115 0.949019 0.962303  0.96306 0.948174 0.830541
 0.80304 0.795109 0.804362 0.789822 0.379202 0.968441 0.973594 0.973809 0.967937 0.926917
 0.79577 0.794448 0.807667 0.793126 0.323478 0.972285   0.9663  0.97437 0.965867 0.806792
0.791804 0.787839 0.793126  0.78189 0.189972 0.962634 0.957551 0.966376 0.957444 0.694259
0.779247 0.773959 0.783212 0.770654 0.345425  0.95419 0.959616 0.962391 0.949986 0.664182
 0.77462 0.769332 0.783212 0.769332 0.287826 0.959855 0.949943 0.962084 0.949943 0.600533
0.770654  0.78189 0.782551  0.76735 0.241664 0.949505 0.951436 0.955928 0.945091 0.587153
0.775942 0.781229 0.785195  0.77462 0.231983 0.944064 0.952236   0.9526 0.941422 0.628017
0.789822 0.786517 0.801058 0.783212 0.431928 0.954223 0.943877  0.96021 0.943277 0.716938
0.786517 0.770654 0.791143 0.768011 0.294191 0.944588 0.934997 0.948607  0.93338 0.622416
0.743556 0.749504 0.750165 0.721745  0.54568 0.903528 0.897411 0.916746 0.881638        1
0.736946 0.722406 0.740251 0.717779 0.413543   0.8857 0.908103 0.908103 0.878262 0.693307
0.733642 0.723067 0.738268 0.717779 0.329954 0.918313 0.926269 0.928303 0.917655 0.789209
0.717118 0.719762 0.736286 0.713153 0.328487 0.914062 0.913803 0.925647 0.912287 0.725184
0.721745 0.730337 0.738268  0.69729 0.397703 0.917746 0.924568 0.926534 0.908095 0.681891
0.729676 0.720423 0.730337 0.719101 0.224817 0.926355 0.934259 0.935496  0.92548 0.740417
 0.71844 0.707865 0.726371 0.707204 0.331563 0.935875 0.932908 0.941269 0.931426 0.845369
0.700595 0.697951 0.705221 0.694646 0.266235 0.921345 0.924427 0.926975 0.916952 0.737233
0.705882  0.71844 0.727693 0.700595 0.478967  0.92654 0.918434  0.93092 0.917951 0.683977
0.713814 0.728354 0.733642 0.709187 0.321245 0.915899 0.915753 0.921919 0.908686 0.657883
0.728354 0.754792 0.757436  0.72505 0.415741 0.917327 0.925401 0.925401 0.913592 0.707268
0.752809  0.78189 0.787839 0.752148 0.626464 0.928056 0.929076 0.933208 0.927225  0.67633
0.779907 0.761401  0.78189 0.754792 0.350636 0.928129 0.922078 0.930562 0.921551 0.607929
0.769332 0.764706 0.779247 0.756775 0.388633 0.927477 0.918645 0.930563 0.917238 0.573052
0.758097 0.733642 0.758097 0.729015 0.426537 0.916382 0.913038 0.920138 0.906067 0.666257
0.734964 0.740912 0.756775 0.734303 0.389122 0.914335 0.893557 0.917109 0.893118 0.716279
0.756775 0.760079  0.76735 0.745539 0.441115 0.900637 0.901808 0.903836 0.881068 0.764253
0.761401 0.758097 0.772637 0.754792 0.253797 0.902772 0.911023 0.915179 0.901315 0.722306
 0.76074 0.750165 0.765367 0.740251 0.286543 0.908757 0.894739 0.912813 0.893345 0.696872
0.746861 0.764706  0.76735 0.744217 0.319898 0.895415  0.88801 0.900094 0.879196 0.635877
0.768672 0.783873 0.789161 0.765367 0.436707  0.88757 0.907453 0.907453  0.88757 0.676209
0.777264 0.771976 0.780568 0.768672 0.218275 0.902908 0.906618 0.909375 0.901612 0.649221
0.770654 0.754792 0.772637 0.747522   0.2613 0.902142   0.8847 0.903257 0.884549 0.659787
0.759418 0.717118  0.76074 0.702578  0.80993 0.889935 0.887481 0.892492 0.880217  0.58346
 0.72505 0.719101 0.729015 0.713814 0.355835 0.890207  0.88906 0.896834 0.883961 0.568555
0.717779 0.710509 0.719101 0.698612 0.382984 0.887884 0.899012 0.899077  0.87921 0.629374
0.709187 0.705882 0.715796  0.70456 0.212364 0.896453 0.896224 0.901715  0.89499   0.5332
0.707204 0.714475 0.715796 0.703239 0.291211 0.898824 0.913444 0.913444 0.898313 0.616747
0.715796 0.727693 0.736946 0.713814 0.410467 0.913925 0.920431  0.92165 0.913794 0.647177
 0.72571  0.72505 0.729015 0.719101   0.1876 0.919177 0.918821 0.920204 0.914596  0.60018
0.729015 0.727693 0.732981 0.721084 0.165207 0.920339  0.92232 0.923426 0.915624 0.640641
0.729676 0.727693 0.735625 0.724389 0.230853 0.923963 0.914113 0.924302 0.914107 0.637972
0.732981 0.738929 0.742234 0.729015 0.310635 0.915386 0.917307 0.921806 0.914714 0.600434
0.738929 0.734964  0.73959 0.728354 0.200035 0.919144 0.923886 0.923886 0.913963 0.559226
0.731659 0.720423 0.731659 0.719762 0.213515 0.920929 0.919874 0.926331 0.918999 0.586099
0.721084 0.715135 0.723067 0.712492 0.175297 0.919939 0.914216 0.920939 0.912533 0.533555
0.714475 0.724389  0.72505  0.71117 0.172873  0.91322 0.917399 0.917999 0.907533 0.547312
0.731659 0.723728 0.734303 0.722406 0.228212 0.923301 0.925378 0.927476 0.922478 0.676335
0.723728 0.717779  0.72571 0.713153 0.176307 0.924463 0.925417 0.925417 0.918859  0.63575
0.715135   0.7039 0.715135 0.701917 0.296204 0.923785  0.91384 0.923785  0.91384 0.660369
 0.70456 0.701256 0.705882 0.699273 0.205681 0.913959 0.908082 0.916103 0.907069 0.561056
0.701256 0.699934 0.705221  0.69729 0.177342 0.906921 0.898118 0.909171 0.897063 0.611732
0.699273 0.699934  0.70456 0.694646 0.170188 0.897381 0.899607 0.905713 0.892488 0.600766
0.699273 0.686054 0.702578 0.684071 0.265861 0.898012 0.889595 0.904042 0.889498 0.596418
0.680106 0.666226 0.680106 0.664243 0.336085 0.877096 0.868683 0.881264 0.867969 0.699709
0.668209 0.672835 0.673496  0.66226 0.295112 0.874973  0.88501  0.88501 0.869532 0.618554
0.670853 0.673496 0.680106 0.665565   0.1785 0.880835 0.874147 0.883722 0.870162 0.576174
 0.67614 0.678784 0.681428 0.670853 0.177253 0.876097 0.877153 0.880013 0.872371 0.516167
0.680106 0.678123 0.680767 0.668209 0.196233 0.878211 0.892736 0.892736 0.878158 0.541015
0.677462 0.670192 0.678123 0.667548 0.213032 0.891846 0.890976 0.894311 0.888619  0.51505
Its singular values are:
  25.6053
  1.94489
 0.983324
 0.546879
 0.116455
0.0634793
0.0559722
0.0354762
0.0341966
0.0183426
Its left singular vectors are the columns of the thin U matrix:
    0.106486   -0.0183752    -0.073137     0.108876   -0.0301192   -0.0102174    0.0904174   -0.0409952     0.137243     0.029774
    0.108311     0.107251    0.0509139   -0.0479401     0.066626     0.125382     0.124255   -0.0346749     0.155005     0.109676
    0.106236  -0.00495829    -0.060591     0.030592   -0.0567473    0.0412796    0.0536309    0.0527145    0.0324893    0.0361881
    0.109281     0.141904    0.0371864    -0.109247    -0.208804   -0.0320479   -0.0271125   -0.0657766     0.156012     0.147982
     0.10796     0.013218   -0.0606524    0.0760575  0.000588841    0.0448028    0.0481438    0.0336868    0.0549984    0.0508401
    0.108124   0.00211896   -0.0852408    0.0908247   -0.0342586   -0.0216754    0.0833692    0.0346672    0.0708336    0.0523962
    0.113511      0.24911      0.12775   -0.0628465    -0.307543    -0.209991   -0.0640485    0.0481444   -0.0170059  -0.00295328
    0.111936     0.165864   -0.0350454    0.0170057   -0.0576941     0.144599     0.177108   -0.0925954     0.053513   -0.0408588
    0.113528      0.19684     0.028586    0.0731956    0.0112765   -0.0211992     0.152956     0.223798     -0.16261     0.357108
    0.111044     0.136147    -0.190517   0.00807109    -0.124575  -0.00238981    0.0158372    -0.157382     0.150067    -0.142775
    0.113859     0.195793   -0.0985067    0.0565833   -0.0211437    0.0153742     0.204397    0.0139992  -0.00826021   -0.0715704
    0.112437     0.121262    -0.122347    0.0959696     0.047758     0.211216    0.0229568     0.210613    -0.248061   0.00431329
    0.113294     0.160317    -0.116968   -0.0152524     -0.13233  -0.00875797    0.0618059     0.156829    0.0315615    0.0541042
    0.115586     0.185252  -0.00286058    0.0767241   -0.0254323    0.0793295     0.101349     0.168519   -0.0598934     0.216227
    0.113992     0.146509    0.0205816    0.0634899    0.0703026    0.0578982     0.128016    -0.127852     0.290512    -0.111482
    0.111452     0.103864    -0.109535  -0.00264953    0.0287558     0.073143     0.198294   -0.0110255    0.0204422   -0.0279222
    0.111139     0.108687    -0.018244    0.0467966     0.139559    -0.135941   -0.0256028    0.0166475   -0.0173256    0.0629197
    0.106438    -0.022231    -0.200267     0.102342    0.0585804   -0.0633559     0.021022  -0.00825449    0.0470162   -0.0381891
     0.10873    0.0689397   -0.0542071     0.131763    -0.157325    -0.126726    -0.108276   -0.0166463     0.150302   -0.0264657
    0.110106     0.110041    0.0374483      0.23828   0.00216781    -0.254323    0.0257385    -0.130787    -0.203069    0.0574547
    0.105964   0.00523334    -0.136507     0.288377  -0.00502425    0.0701925    -0.287286    -0.111536    0.0509516     0.113028
    0.107474     0.173583     -0.18136  -0.00592026    -0.277877   -0.0860201    -0.284447     0.104042     0.110522    -0.165235
    0.108081     0.210633   -0.0193826     0.142647    0.0940597    -0.105523     0.182108    -0.314499    -0.132141    -0.140786
    0.106703     0.312661    0.0365921    -0.099781     0.539727    -0.123948    -0.363654     0.214761   -0.0145896   -0.0470962
    0.100225     0.138882   -0.0873397   -0.0602834    0.0761982     0.212501     0.112119   -0.0371277    -0.112692    -0.120858
    0.098683     0.223103     0.134352    -0.143795     0.107425    0.0499649   -0.0501644    -0.296719    0.0468804    0.0120645
   0.0944876   0.00333939    -0.115647   -0.0272019    0.0149839     0.213999   -0.0906319    -0.132052    -0.165144    -0.202463
   0.0962939    0.0103643    -0.132515   -0.0540902   -0.0185397   -0.0589309    0.0265931     0.140477    -0.147501    -0.200365
     0.09392   -0.0443861    -0.287447    -0.105923    0.0170945   0.00924807    -0.100265    -0.154932     0.049526    0.0959427
   0.0983469    0.0065981     -0.17694   -0.0488637   -0.0797251    0.0493747   -0.0135615   -0.0168257   -0.0923089    0.0099848
   0.0990371   -0.0268224    -0.196047    0.0352808    0.0229763   -0.0499448   -0.0569472    0.0313682 -0.000674863     0.126247
    0.102155   -0.0339649   -0.0164151     0.196074    0.0702914     0.143722    -0.173061    0.0198651   -0.0163639   -0.0454022
    0.101974  -0.00545695   0.00304265    0.0971324     0.160744   -0.0569123   -0.0535269     0.114333     0.152824  -0.00968716
   0.0998575   -0.0177057   -0.0060224    0.0464561     0.008294      0.11984   -0.0205673   -0.0642533   -0.0860856   -0.0569597
   0.0995405   -0.0667092   -0.0131999    0.0971467    -0.050661     0.123534   -0.0753143    0.0813557    -0.143769   -0.0147931
   0.0988905   -0.0988484    -0.040371     0.108369   0.00734397    -0.041345   0.00790704    0.0380216    0.0451405    -0.153623
   0.0980833   -0.0832352    -0.108103    0.0103642    0.0491131   -0.0411985    -0.018522     0.103453   0.00262724      0.10268
    0.101059   -0.0364153    0.0573967    0.0758125   -0.0695591    0.0630618   -0.0984087   -0.0260027     0.142812  -0.00839363
    0.101161   0.00764101   -0.0162788   -0.0415896    0.0314712   -0.0717253     0.121828    0.0463148   -0.0781473   0.00806795
   0.0990582   -0.0934194    -0.104281    0.0449999   -0.0106643    0.0657181   -0.0575427   -0.0143697    0.0262518   -0.0199526
    0.102873   -0.0720047      0.12177     0.188662   0.00625161     0.147916    -0.020977     0.029928    0.0499818   -0.0714715
      0.1052   -0.0372121     0.230623     0.174854   0.00515953     0.101227     0.113804    0.0561922     0.227994  -0.00396988
    0.103576   -0.0580324      0.11569     0.107112  -0.00367825   -0.0674147     0.121077     0.114265    0.0269695    0.0278116
    0.100699    -0.114238  -0.00314769    0.0929345    0.0416017   -0.0675755    0.0204399   -0.0347098     0.109626   -0.0776948
    0.100531   -0.0428504    0.0184378   -0.0476067   0.00677316    0.0770978    0.0755613   -0.0439828   -0.0324977    0.0382962
   0.0993526   -0.0671819   -0.0464547   -0.0699926    0.0387806    -0.114001    0.0877336  -0.00366605   -0.0958121    0.0210301
   0.0987257    -0.085701   -0.0710415   -0.0384666   -0.0580527   -0.0336526   -0.0447147   -0.0341421   0.00573895   -0.0151048
   0.0990831   -0.0897034   -0.0426522    0.0172486     -0.03424     0.053905   0.00942985    0.0134245   -0.0391326    0.0538717
    0.101891  0.000712813    0.0691207   -0.0160618   0.00682586   -0.0942849     0.112764   -0.0445471    -0.119064   -0.0857071
    0.098999   -0.0579485   -0.0334721   -0.0135725     0.114353   -0.0975435   -0.0193232    0.0175492   -0.0379961   -0.0398279
    0.100179     0.050328     0.377379     0.165377   -0.0679365   -0.0146705    -0.138931    -0.320635   -0.0504667   -0.0881216
   0.0954643 -0.000418698    0.0969782    -0.034115    0.0432049     0.283515    -0.100947   -0.0458924    -0.274148     0.053316
   0.0974065   -0.0532196     0.164535     0.042808    0.0284631     0.105151   0.00958976      0.11735    0.0756191   -0.0765765
   0.0960908   -0.0507539     0.115297   -0.0127206   -0.0341969   -0.0422859    0.0118288     0.195758    -0.101862    -0.250623
   0.0962643   -0.0181437    0.0947765    -0.100537   -0.0645009    0.0288915    -0.300445    0.0158502    0.0798373    0.0395464
   0.0965503    -0.103674     0.103144    0.0442079    0.0323787    0.0964923    0.0365433    0.0593219    0.0453071   -0.0276051
   0.0980552   -0.0625929     0.227946    0.0371376    0.0281556   -0.0109338    0.0853666     0.162772    0.0371454   -0.0719346
   0.0950977   -0.0876036     0.134025   -0.0201093   -0.0163498    0.0428173    0.0697942    0.0256128    0.0117915    0.0581401
   0.0965981    0.0152481     0.124639    -0.176877    -0.109818    -0.111794    0.0224258    0.0201038   -0.0511041   -0.0846631
   0.0953106   -0.0513819    0.0564961   -0.0658243   -0.0957559    -0.059915   -0.0880203    0.0562075   -0.0261664 -0.000182084
   0.0976381   -0.0066467     0.100812   -0.0513517    -0.183842   0.00427872    -0.149791     0.128695    0.0331289    0.0190146
    0.100458    0.0945844    0.0973809    -0.175641    -0.225461   -0.0490088   0.00822449     0.123938    0.0641134   -0.0960505
   0.0979001   -0.0280981   -0.0254788   -0.0511979     0.115616    -0.043293   -0.0191134    0.0319487     0.120664   -0.0503578
   0.0975721  -0.00909775   -0.0448334    -0.105099    0.0293552   -0.0945135    0.0257677   -0.0416903   -0.0455725   -0.0120632
   0.0970875   0.00316949    0.0647818   -0.0750127     0.128235    0.0225226    -0.015023   0.00678286    0.0524227    0.0610117
    0.096679   -0.0130413    0.0999328   0.00750867   -0.0253839    -0.247325    0.0275168  -0.00728561    -0.275105    0.0148816
   0.0978018    0.0158008     0.135766    0.0648777   -0.0404778    0.0371991   -0.0584215    -0.126626   -0.0847525     0.405449
   0.0970436   -0.0719284    0.0539611     0.133714    0.0167351    0.0630644   -0.0196796     0.156679   -0.0554254   -0.0930704
   0.0963341   -0.0556592    0.0471138    0.0851193    0.0920295    -0.149028    -0.089368   -0.0568979  -0.00244963   -0.0846714
   0.0953484   -0.0332875 -0.000925324    0.0392769   -0.0842353    -0.141307    -0.122274   -0.0745209    -0.122454    0.0847443
   0.0978737    0.0213687     0.040296    0.0291512    -0.121371     0.172267   -0.0882388    0.0340119    -0.138409    -0.110252
    0.096582   -0.0816191   -0.0297223     0.123831    0.0411453    0.0295393    0.0277972    0.0397499    0.0842484   -0.0350396
   0.0956663    -0.060787   0.00115587     0.101839     0.137549    -0.179105   -0.0897041   -0.0626901    0.0143102    -0.023041
    0.096668     0.190561    0.0891496     -0.35822     0.188853      0.10289   -0.0682701    0.0417411     0.181226    0.0350017
   0.0932115     -0.02242   -0.0158099    -0.111863    0.0196229   0.00628767    0.0582037   -0.0909889   -0.0437643   -0.0318047
   0.0935617   -0.0150745    0.0527206   -0.0996595    0.0115111     0.152405   -0.0757676     -0.13254   -0.0593492     0.126498
   0.0917641   -0.0930896   -0.0651913   -0.0932097    0.0185288   -0.0250063     0.062397    0.0499756   -0.0204544   -0.0602097
   0.0936368    -0.062895    0.0240454    -0.085221   -0.0739148     0.135499   -0.0240886   -0.0459954   -0.0895428   -0.0516421
   0.0959725   -0.0101706    0.0659222    -0.131304    -0.111058    0.0315119    0.0233796     0.135342   -0.0177931   -0.0304705
   0.0942265    -0.111073   -0.0265699   -0.0297458   0.00516504   -0.0204974    0.0285436  -0.00984639    0.0891646     0.107835
   0.0947617    -0.122945  5.48065e-05    0.0214533    0.0124654  -0.00206633   -0.0176347    0.0273855    0.0764329    0.0946808
   0.0951462   -0.0917399    0.0112237   -0.0165848    0.0185428    -0.114956     0.063186   -0.0285376  -0.00592818    0.0519357
   0.0954742   -0.0514597  -0.00915605   -0.0831595    -0.052747  0.000552289    0.0594506   -0.0204921    0.0403114   -0.0881481
   0.0945313    -0.102015    -0.068886   -0.0558125    0.0258055    0.0421752   -0.0196004   -0.0636775    0.0338474     0.119289
   0.0944916    -0.099595   -0.0330317   -0.0635513    0.0657616  -0.00862889    0.0548258    0.0100203    0.0454919    -0.091814
   0.0930869    -0.115417   -0.0793739   -0.0917538     0.048389   -0.0750635    0.0285873   -0.0387291   0.00817111    0.0625925
    0.093087    -0.115733    -0.069719   -0.0700213   -0.0506273   -0.0134544   -0.0793998  -0.00834791   -0.0110944     0.113496
   0.0957607   -0.0968124    0.0453633   0.00423357    0.0333558    0.0248475    0.0699678    0.0795294    0.0968453   -0.0079856
   0.0945894    -0.120683   0.00661745    -0.012265    0.0352539   0.00129185  -0.00169117    0.0356436    0.0946856     0.157384
   0.0947702    -0.067287    0.0658271   -0.0801206    0.0542684   -0.0746103    0.0899705   -0.0677366    0.0398706    0.0488059
   0.0924934    -0.104046   -0.0346734    -0.106306    0.0185636   -0.0647059     0.083142   -0.0910534   -0.0141334    0.0228696
   0.0922548    -0.116084   0.00237693   -0.0296279    0.0176276    -0.108602    0.0475766   -0.0650501   -0.0487683    0.0192797
   0.0918103    -0.117756  -0.00799457   -0.0289048  -0.00196525  -0.00389641   -0.0127479   -0.0204572   -0.0649631   -0.0365335
   0.0918399   -0.0737153    0.0168285    -0.100613     0.080197   -0.0829778    0.0118528  -0.00707566   -0.0685444    -0.132119
   0.0910961   -0.0419159     0.137863   -0.0512953    0.0597759    -0.044929    0.0784895   -0.0559354   0.00653878   -0.0686761
   0.0901434   -0.0606334    0.0632555    -0.113052   -0.0626604     0.108381   -0.0103074    -0.105628   -0.0764945    0.0895738
    0.089083    -0.111274  -0.00318421   -0.0663818  -0.00372921    -0.109586    -0.041421   -0.0107315   -0.0735388    0.0486014
   0.0886396    -0.108397   -0.0590678     -0.10766   -0.0150241   -0.0197958  -0.00429178    -0.028924    0.0166909    0.0311119
   0.0895174    -0.104029   -0.0320611    -0.117015  -0.00334219     0.139511   -0.0838918    -0.071194   -0.0442823   -0.0859678
   0.0895318   -0.0984864   -0.0457857    -0.170453    0.0323958     -0.00847    0.0563524    -0.024876    0.0371721    0.0293105
Its right singular vectors are the columns of the thin V matrix:
   0.310339     0.11945   -0.231715     0.26287    0.710481    0.217956  -0.0806533   -0.323163    0.316684  -0.0558018
   0.309874    0.113646    -0.25422    0.291318   -0.647938   -0.096225   -0.302791   -0.377226    0.270763   -0.072058
   0.314706     0.14445   -0.242159    0.268472   0.0963251   -0.216642   -0.367798    0.724253   -0.182081   0.0138766
   0.305736   0.0942372   -0.256077    0.303234   -0.119617   0.0899908    0.744445  -0.0282699   -0.387026    0.113691
   0.157921     0.89413    0.227674   -0.348597  -0.0230955     0.01511   0.0336181  -0.0180362 -0.00422968  0.00149642
   0.362388   -0.181128   0.0472929   -0.290382    0.130752   -0.618619   0.0329419   -0.184192   0.0402477    0.559368
   0.362492   -0.190085   0.0320105   -0.283587   -0.148275    0.707903   -0.183504    0.118813  -0.0301655    0.423331
    0.36494   -0.182398    0.047971   -0.279559   0.0746586  -0.0431785   -0.207718   -0.266207   -0.579794   -0.543584
    0.35977   -0.190743   0.0277763   -0.295224  -0.0811455  -0.0477608    0.365095    0.329465    0.551868   -0.437022
   0.254701  -0.0707817    0.836239    0.480033 -0.00586134   0.0038004  0.00285978    0.011956   0.0137786 -0.00108279
Here is the matrix X:
0.841902 0.840841 0.852915  0.83025 0.398633  0.99456 0.995163  1.00156 0.987765 0.696997
0.885588 0.883087 0.902913 0.867561 0.624475 0.967238 0.965657  0.97405 0.957971 0.691604
 0.84303  0.84182 0.854667  0.83075 0.420953 0.987511 0.987879 0.994465 0.980482 0.693518
0.901349 0.898446 0.920468 0.881509  0.68866 0.964034 0.961853 0.970825 0.954055 0.693162
0.860957 0.859523 0.873672 0.847583 0.459535 0.997112 0.997168  1.00413 0.989627 0.702264
0.859679 0.858368 0.871872  0.84683 0.440896  1.00254  1.00279   1.0096 0.995252 0.704859
0.959868 0.955705 0.984673 0.934272 0.892194  0.96552 0.961482 0.972322 0.953252 0.705991
0.928012 0.924806 0.948593 0.906683 0.741061 0.980228 0.977636 0.987133 0.969623 0.707178
0.947861 0.944287 0.970127 0.924826 0.801367 0.984092 0.980965 0.991024 0.972801 0.713299
 0.91402 0.911161 0.933056 0.894254 0.685777  0.98242 0.980343  0.98934  0.97243 0.705451
0.950248 0.946682   0.9725 0.927226 0.800884 0.987532 0.984424 0.994489 0.976238 0.715602
0.921634 0.918927 0.940103 0.902434 0.665526  1.00059  0.99878  1.00764 0.990789 0.716588
0.937512 0.934353 0.957975 0.916296 0.736904 0.994781 0.992289  1.00179 0.984189 0.716797
0.961523 0.958055 0.983455 0.938813 0.789536  1.00727  1.00435  1.01437 0.996058 0.728316
0.939854 0.936843 0.959724 0.919233 0.715717  1.00613  1.00388  1.01321 0.995745 0.723253
0.909764 0.907264 0.927276 0.891533 0.631288  0.99758 0.996067  1.00461 0.988167 0.712558
0.908397 0.905847 0.926109 0.889967  0.63841 0.992978 0.991379 0.999971 0.983495 0.709853
0.840625 0.839608 0.851445 0.829168 0.391734 0.995473 0.996143  1.00248 0.988754 0.697215
 0.88002 0.877947  0.89553 0.863823 0.559548 0.984626 0.983714 0.991561 0.976048 0.699614
0.900503 0.897949 0.918165 0.882127 0.636587 0.982914  0.98129 0.989837 0.973476 0.702929
0.843239 0.841918 0.855342 0.830491 0.437578   0.9814 0.981591 0.988312 0.974199 0.690343
 0.89435  0.89111 0.914807 0.873169 0.736442 0.936108 0.933369 0.942702 0.925657 0.677017
0.907776 0.904111 0.930103 0.884707 0.803323 0.928684 0.925301 0.935226 0.917499 0.675871
0.920529 0.915729 0.947663 0.892619 0.975178 0.879955 0.874792 0.886155 0.866955 0.652839
0.828685 0.825924 0.846645  0.81006 0.646786 0.881068 0.878915 0.887274 0.871752 0.634518
0.835997 0.832304  0.85788 0.813425  0.78701 0.837091 0.833466 0.842988 0.826303 0.612867
0.751605 0.750442 0.762332 0.740303 0.387879 0.875579 0.875771 0.881744 0.869182 0.615759
 0.76759 0.766327 0.778861 0.755731 0.407399 0.889864  0.88994 0.896131 0.883215 0.626572
0.736007 0.735389  0.74435 0.727112 0.302589 0.887124 0.888146  0.89337 0.881658 0.618627
0.783029 0.781783 0.794347 0.771112 0.409151 0.910241 0.910387 0.916651 0.903525  0.64048
0.780749 0.779873 0.790519  0.77039 0.353824 0.928419 0.929149 0.934956 0.922281 0.649582
0.803864 0.803031 0.813635 0.793488  0.35401 0.959864 0.960727 0.966623 0.953651 0.670898
0.809049 0.807896 0.820185 0.797295 0.402853 0.948142 0.948507 0.954818 0.941408 0.665793
0.789386 0.788397 0.799691 0.778483 0.372995 0.932819 0.933393 0.939388 0.926456 0.653677
0.775483 0.775051  0.78337  0.76702 0.286497 0.947141 0.948567  0.95381 0.941715 0.658356
0.762851 0.762789 0.769102 0.756041 0.227979 0.952431 0.954416 0.959137  0.94765 0.658541
0.760065 0.759836 0.766985 0.752584 0.251866 0.939441 0.941152 0.946056 0.934423 0.651128
0.794586 0.793794 0.804116 0.784459 0.345317 0.950558 0.951461 0.957252 0.944465 0.664088
0.805635 0.804344 0.817318 0.793336 0.422345 0.935988 0.936124  0.94258 0.929064 0.658691
0.765446  0.76532 0.771979 0.758349 0.238098 0.952075 0.953965 0.958779 0.947181 0.658887
0.800734 0.800322 0.808736 0.792138 0.290763 0.979929 0.981457 0.986829 0.974379 0.680818
0.827309 0.826476 0.837262 0.816733 0.360677 0.989265 0.990193 0.996231 0.982909 0.691205
0.809562 0.808984 0.818322 0.800198 0.317902 0.981525 0.982811 0.988437 0.975667 0.683476
0.773648 0.773738 0.779353 0.767379 0.208529 0.974634 0.976892 0.981497  0.97002 0.672454
0.788893  0.78818 0.798051 0.779144  0.33199 0.947923 0.948936 0.954598 0.941985 0.661528
 0.77388 0.773455 0.781723 0.765463 0.284915 0.945564 0.946998 0.952222  0.94016 0.657195
0.764596 0.764388 0.771468 0.757161 0.250175  0.94627 0.948025 0.952933 0.941255 0.655656
0.766507 0.766339 0.773224 0.759226 0.244661 0.950997 0.952823 0.957693 0.946032 0.658538
0.809821 0.808599 0.821249 0.797775 0.413246 0.945196 0.945454 0.951852 0.938353 0.664401
0.773215  0.77269 0.781467 0.764387 0.299542  0.93903 0.940302 0.945642 0.933477 0.653618
0.807746 0.805985 0.821394 0.793469 0.492604 0.911835 0.911225 0.918257 0.904178 0.646407
0.758493 0.757361 0.769147  0.74726 0.385293 0.885965 0.886226 0.892204 0.879574 0.622646
0.761659   0.7611 0.769963 0.752787 0.301326 0.922587 0.923773 0.929083 0.917053 0.642581
0.751777 0.751206 0.760054 0.742939 0.300293  0.90951 0.910649 0.915914 0.904017 0.633661
0.760732  0.75979 0.770614 0.750274 0.357704 0.899632 0.900204 0.905967 0.893518 0.630304
0.743135 0.743155  0.74889 0.736837 0.210125 0.932416 0.934479 0.938981 0.927883 0.643943
0.764637 0.764175 0.772557 0.756147 0.287649 0.931908 0.933259  0.93847 0.926506 0.648102
0.735325 0.735181 0.741698  0.72841 0.232196 0.913276 0.915055 0.919706 0.908539 0.632257
0.771142  0.76982 0.782685 0.759007 0.417122 0.890967 0.890958 0.897241 0.884206 0.627884
0.745432 0.744877  0.75359 0.736716 0.296046 0.902492  0.90364 0.908846 0.897063 0.628659
0.774319 0.773232 0.784914 0.763136 0.383252 0.908329 0.908705 0.914726 0.901909  0.63768
0.820247 0.817983 0.836079 0.803767 0.570695 0.898837 0.897456 0.905168 0.890334 0.642137
0.771418 0.770569 0.780999 0.761255 0.347008 0.918318 0.919067 0.924784  0.91228 0.642342
0.773226 0.772166 0.783693  0.76217 0.378723 0.908581 0.908998 0.914979  0.90221 0.637587
0.772225 0.771033 0.783235 0.760625 0.398096 0.899763 0.899966 0.906099 0.893196 0.632739
0.765212 0.764208 0.775389 0.754455 0.368254 0.901683 0.902167 0.908032 0.895446 0.632306
0.780835 0.779492 0.792539 0.768531  0.42295 0.901941 0.901925 0.908293 0.895089 0.635658
 0.75443 0.754086 0.761783 0.746517 0.267324 0.925811 0.927321 0.932329  0.92065  0.64279
0.752571 0.752052 0.760636 0.743944 0.292747 0.913495 0.914721 0.919928 0.908078 0.635923
0.749935 0.749176 0.758978 0.740328 0.327665 0.896468 0.897301 0.902781 0.890699 0.626415
  0.7827 0.781293 0.794683 0.770115 0.432923 0.900646 0.900534 0.906989 0.893686  0.63536
 0.74851 0.748281 0.755341 0.741127 0.248605 0.924941 0.926619 0.931453 0.919993 0.641114
0.746073  0.74562 0.753814 0.737777 0.281129 0.909105 0.910418 0.915507 0.903829 0.632274
0.812426 0.809123   0.8325 0.791686  0.72227 0.829858 0.826795 0.835703 0.819814 0.604206
 0.73548 0.734623 0.744812 0.725592 0.337923 0.872812  0.87345 0.878958 0.866982 0.610983
0.739969 0.739025 0.749698  0.72968 0.352113 0.873474 0.873985 0.879625 0.867484 0.612256
0.707561 0.707519 0.713295 0.701308 0.209177 0.884276 0.886142 0.890503 0.879866 0.611272
0.729457 0.729052 0.736869 0.721503 0.269257 0.891017 0.892361 0.897291 0.885916 0.619329
0.760266 0.759238 0.770502 0.749451 0.370389 0.894116 0.894548 0.900412 0.887873 0.627303
 0.72295 0.723082 0.728085 0.717289 0.187862  0.91346 0.915645 0.919891 0.909221 0.629807
0.724444 0.724704 0.729062 0.719303  0.16938 0.922608 0.925002 0.929104 0.918555 0.634931
 0.73475 0.734652 0.740928 0.728032   0.2252 0.915184 0.917035 0.921628 0.910521 0.633143
0.746714 0.746158 0.754887 0.737982 0.296573 0.904037 0.905187 0.910403 0.898599 0.629737
0.727476 0.727502 0.733086 0.721335 0.204844 0.913097 0.915126 0.919526 0.908668 0.630547
0.727723 0.727722 0.733446 0.721468 0.208893 0.911877 0.913863 0.918297 0.907405 0.629956
0.712885 0.713079 0.717681 0.707571 0.175699 0.904416 0.906674 0.910783 0.900334 0.622972
0.712813  0.71301 0.717594 0.707514 0.175149 0.904528 0.906792 0.910897 0.900453 0.623017
0.738454 0.738406 0.744454 0.731913 0.218863 0.922672 0.924613 0.929168 0.918063 0.637849
0.723601 0.723837 0.728309 0.718368 0.172616 0.920213 0.922566 0.926691 0.916129 0.633496
0.737443 0.737074 0.744768 0.729571 0.266203 0.903081 0.904505  0.90944 0.897986 0.627325
 0.71081 0.710883 0.716093 0.705009 0.193073 0.894903 0.896961 0.901204 0.890648 0.617536
0.706118  0.70633 0.710789 0.700935 0.171175 0.896929 0.899197 0.903244 0.892916 0.617638
0.702198 0.702434 0.706738 0.697149 0.166469 0.893395  0.89569 0.899685 0.889442 0.614969
0.712664 0.712402 0.719349 0.705453 0.243175 0.878155 0.879683 0.884338 0.873377 0.609099
0.714141 0.713529 0.722288 0.705458 0.295466  0.86005 0.861022 0.866106 0.854727  0.59987
0.702222 0.701833 0.709354 0.694569 0.259064 0.857804   0.8591 0.863844 0.852895 0.596234
0.682032 0.682227 0.686582 0.676987 0.166713 0.865804  0.86798   0.8719 0.861914  0.59629
0.679176 0.679344 0.683816 0.674042 0.169923 0.860676   0.8628 0.866736 0.856761 0.593002
0.687166 0.687274 0.692117 0.681715 0.181069 0.867282 0.869332 0.873389 0.863227 0.598125
0.688568 0.688614  0.69379 0.682843 0.190765 0.865463 0.867417 0.871557 0.861303 0.597456
time is  0.025000
